--- 비파괴수량산출 ---
      비파괴검사용역 수량 산출                 Unnamed: 1 Unnamed: 2 Unnamed: 3 Unnamed: 4 Unnamed: 5 Unnamed: 6 Unnamed: 7 Unnamed: 8 Unnamed: 9 Unnamed: 10 Unnamed: 11 Unnamed: 12    Unnamed: 13      Unnamed: 14 Unnamed: 15 Unnamed: 16 Unnamed: 17 Unnamed: 18 Unnamed: 19 Unnamed: 20 Unnamed: 21 Unnamed: 22 Unnamed: 23 Unnamed: 24 Unnamed: 25 Unnamed: 26  Unnamed: 27 Unnamed: 28
0   ㅇ PAUT, RT 수량산출                                                                                                                                                                                                                                                                                                                                                                
1           관경\n(A)            공사별 용접수량(Joint)                                                                                                                              검사별 수량(Joint)                                                               RT                    PAUT                                                                                                 
2                    2026년 중앙지사 열수송관 개선 및 추가공사                   공사2                   공사3                   공사4                유지보수공사                      합계                         RT                         PAUT                                  규격          매수     관경\n(A)          Do        검사길이          두께                                                             
3                                           주간         야간         주간         야간         주간         야간         주간         야간         주간          야간          주간          야간             주간               야간          주간          야간                                                        (mm)         (m)        (mm)                                                             
4              1100                                                                                                                                          0           0                                           0           0                                            1100      1117.6       3.511        11.1         0.0         0.0               3511.04395  585.173992
5              1000                                                                                                                                          0           0                                           0           0                                            1000        1016      3.1919        11.1         0.0         0.0              3191.858136  531.976356
6               900                                                                                                                                          0           0                                           0           0                                             900       914.4      2.8727        10.3         0.0         0.0              2872.672322   478.77872
7               850                                                                                                                                          0           0                                           0           0                                             850       863.6      2.7131        10.3         0.0         0.0              2713.079416  452.179903
8               800                                                                                                                  4           2           4           2                                           4           2                                             800       812.8      2.5535         9.5      10.214       5.107              2553.486509  425.581085
9               750                                                                                                                                          0           0                                           0           0                                             750         762      2.3939         8.7         0.0         0.0              2393.893602  398.982267
10              700                                   150                                                                            4           2           4         152                                           4         152                                             700       711.2      2.2343         8.7      8.9372    339.6136              2234.300695  372.383449
11              650                                                                                                                                          0           0                                           0           0                                             650       660.4      2.0747         8.7         0.0         0.0              2074.707788  345.784631
12              600                                                                                                                  4                       4           0                                           4           0                                             600       609.6      1.9151         9.5      7.6604         0.0              1915.114882  319.185814
13              550                                                                                                                                          0           0                                           0           0                                             550       558.8      1.7555         9.5         0.0         0.0              1755.521975  292.586996
14              500                                                                                                                  4           2           4           2                                           4           2                                             500         508      1.5959         6.4      6.3836      3.1918              1595.929068  265.988178
15              450                                                                                                                                          0           0                                           0           0                                             450       457.2      1.4363         6.4         0.0         0.0              1436.336161   239.38936
16              400                         28        132                                                                            8           4          36         136                                          36         136                                             400       406.4      1.2767         6.4     45.9612    173.6312              1276.743254  212.790542
17              350                                                                                                                  8           4           8           4                                           8           4                                             350       355.6      1.1172         6.4      8.9376      4.4688              1117.150348  186.191725
18              300                         32         56                                                                            5           4          37          60                                          37          60                                             300       318.5      1.0006         6.4     37.0222      60.036               1000.59726   166.76621
19              250                                                                                                                  5                       5           0                                           5           0                                             250       267.4      0.8401         6.4      4.2005         0.0               840.061876  140.010313
20              200                                                                                                                  7           4           7           4                                           7           4                                             200       216.3      0.6795         6.4      4.7565       2.718               679.526491  113.254415
21              150                         44                                                                                       9           4          53           4             53                4                                             12"                     150       165.2       0.519                  27.507       2.076               518.991106   86.498518
22              125                         16                                                                                      10           5          26           5             26                5                                                                     125       139.8      0.4392                 11.4192       2.196               439.194653   73.199109
23              100                                                                                                                 16           5          16           5             16                5                                                                     100       114.3      0.3591                  5.7456      1.7955                359.08404    59.84734
24               80                                                                                                                 12           8          12           8             12                8                                              6"                      80        89.1      0.2799                  3.3588      2.2392               279.915905   46.652651
25               65                                                                                                                 10           4          10           4             10                4                                                                      65        76.3      0.2397                   2.397      0.9588               239.703519   39.950587
26               50                                                                                                                 10           4          10           4             10                4                                                                      50        60.5      0.1901                   1.901      0.7604               190.066356   31.677726
27               40                                                                                                                  2                       2           0              2                0                                                                      40        48.6      0.1527                  0.3054         0.0               152.681403     25.4469
28               32                                                                                                                                          0           0              0                0                                                                      32        42.7      0.1341                     0.0         0.0               134.146006   22.357668
29               25                                                                                                                                          0           0              0                0                                                                      25          34      0.1068                     0.0         0.0                106.81415   17.802358
30               20                                                                                                                                          0           0              0                0                                                                      20        27.2      0.0855                     0.0         0.0                 85.45132   14.241887
31               합계                        120        338          0          0          0          0          0          0        118          52         238         390            129               30         109         360                                                                                        186.7072    598.7923                                     
32                                                                                                                                                                                                                                                                                                                                                                                 
33    ㅇ MT, PT 수량산출                                                                                                                                                                                                                                                                                                                                                                
34          관경\n(A)                  핫태핑 공수(공)                                                                                                                                                                                                                                                                                                                                     
35                   2026년 중앙지사 열수송관 개선 및 추가공사                   공사2                   공사3                   공사4                유지보수공사                      합계                             Stopple Fitting                 END CAP         보강링                                   계                                                                                                 
36                                          주간         야간         주간         야간         주간         야간         주간         야간         주간          야간          주간          야간                            연장방향        원주방향                      내측          외측         cap                                                                                                             
37              850                                                                                                                                          0           0                           3.048      5.4262       2.667        0.22       0.377       0.319      12.057                                                                                                 
38              800                                                                                                                                          0           0                           2.846       5.107        2.51        0.22       0.377       0.319      11.379                                                                                                 
39              750                                                                                                                                          0           0                           2.846      4.7878       2.349        0.22       0.377       0.319      10.899                                                                                                 
40              700                                                                                                                                          0           0                           2.438      4.4686       2.191        0.22       0.377       0.319      10.014                                                                                                 
41              650                                                                                                                                          0           0                           2.388      4.1494       2.029        0.22       0.377       0.319       9.482                                                                                                 
42              600                                                                                                                                          0           0                           2.184      3.8302       1.866        0.22       0.377       0.319       8.796                                                                                                 
43              550                                                                                                                                          0           0                           2.032       3.511       1.702        0.22       0.377       0.319       8.161                                                                                                 
44              500                                                                                                                  4                       4           0                           1.828      3.1918       1.547        0.22       0.377       0.319       7.483                                                                                                 
45              450                                                                                                                                          0           0                            1.68      2.8726       1.388        0.22       0.377       0.319       6.857                                                                                                 
46              400                                                                                                                  4                       4           0                            1.52      2.5534       1.231        0.22       0.377       0.319        6.22                                                                                                 
47              350                                                                                                                                          0           0                            1.32      2.2344       1.068        0.22       0.377       0.319       5.538                                                                                                 
48              300                                                                                                                                          0           0                            1.12      2.0012       0.964        0.22       0.377       0.319       5.001                                                                                                 
49              250                                                                                                                                          0           0                               1      1.6802       0.804        0.22       0.377       0.319         4.4                                                                                                 
50              200                                                                                                                                          0           0                            0.82       1.359        0.65        0.22       0.377       0.319       3.745                                                                                                 
51              150                                                                                                                                          0           0                             0.7       1.038       0.493        0.22       0.377       0.239       3.067                                                                                                 
52              125                                                                                                                                          0           0                             0.5      0.8784       0.418        0.22       0.377       0.239       2.632                                                                                                 
53              100                                                                                                                                          0           0                            0.42      0.7182       0.336        0.22       0.377       0.239        2.31                                                                                                 
54               80                                                                                                                                          0           0                            0.37      0.5598       0.265        0.22       0.377       0.239       2.031                                                                                                 
55            H-T 계                          0          0          0          0          0          0          0          0          8           0           8           0                                                                                                                                                                                                         

--- 적용수량 ---
           Unnamed: 0 Unnamed: 1 Unnamed: 2    Unnamed: 3 Unnamed: 4   Unnamed: 5        Unnamed: 6 Unnamed: 7 Unnamed: 8    Unnamed: 9 Unnamed: 10 Unnamed: 11       Unnamed: 12 Unnamed: 13 Unnamed: 14   Unnamed: 15 Unnamed: 16 Unnamed: 17
0           RT 물량 집계표                                                                                                                                                                                                                          
1                                                                                                                                                                                                                                              
2                 총 괄                                                                    주 간(Se-75)                                                                    야 간(Se-75)                                                              
3                산출기준                        방사선투과검사(R.T)                                      산출기준                        방사선투과검사(R.T)                                      산출기준                          방사선투과검사(R.T)                        
4                필림규격         관경       적용매수        JOINT수       필림수량         비  고              필림규격         관경       적용매수        JOINT수        필림수량        비  고              필림규격          관경        적용매수        JOINT수        필림수량        비  고
5                           (mm)        (ㅡ)          (개소)        (매)                                      (mm)        (매)          (개소)         (매)                                      (mm)         (매)          (개소)         (매)            
6                            150          3            53        171                                       150          3            53         159                                       150           3             4          12            
7         3 1/3 x 12"        125          3            26         93                    3 1/3 x 12"        125          3            26          78                   3 1/3 x 12"         125           3             5          15            
8                            100          3            16         63                                       100          3            16          48                                       100           3             5          15            
9                             80          3            12         60                                        80          3            12          36                                        80           3             8          24            
10                            65          3            10         42                                        65          3            10          30                                        65           3             4          12            
11                            50          3            10         42                                        50          3            10          30                                        50           3             4          12            
12         3 1/3 x 6"         40          3             2          6                     3 1/3 x 6"         40          3             2           6                    3 1/3 x 6"          40           3             0           0            
13                            32          3             0          0                                        32          3             0           0                                        32           3             0           0            
14                            25          3             0          0                                        25          3             0           0                                        25           3             0           0            
15                            20          3             0          0                                        20          3             0           0                                        20           3             0           0            
16                 외부                  소  계           109        327                             외부                  소  계            95         285                            외부                    소  계            14          42            
17        3 1/3 x 12"                교정(3%)                        9                    3 1/3 x 12"                교정(3%)                         8                   3 1/3 x 12"                  교정(3%)                         1            
18      (400A ~ 100A)                  합  계                      336                  (400A ~ 100A)                  합  계                       293        내역적용     (400A ~ 100A)                    합  계                        43        내역적용
19                                     소  계            34        150                                                 소  계            34         102                                                  소  계            16          48            
20         3 1/3 x 6"                교정(3%)                        4                     3 1/3 x 6"                교정(3%)                         3                    3 1/3 x 6"                  교정(3%)                         1            
21           (80A 이하)                  합  계                      154                       (80A 이하)                  합  계                       105        내역적용          (80A 이하)                    합  계                        49        내역적용
22                                                               477  공량적용(할증 제외)                                                                                                                                                              
23                                                                                                                                                                                                                                             
24                                                                                                                                                                                                                                             
25         PAUT 수량집계표                                                                                                                                                                                                                          
26                                                                                                                                                                                                                                             
27                총 괄                                                                           주 간                                                                           야 간                                                              
28               산출기준                                PAUT                                      산출기준                                PAUT                                      산출기준                                  PAUT                        
29               촬영규격         관경       적용길이        JOINT수       검사길이         비  고              필림규격         관경       적용길이        JOINT수        검사길이        비  고              필림규격          관경        적용길이        JOINT수        검사길이        비  고
30                          (mm)        (m)          (개소)        (m)                                      (mm)        (m)          (개소)         (m)                                      (mm)         (m)          (개소)         (m)            
31                          1100      3.511             0          0                                      1100      3.511             0           0                                      1100       3.511             0           0            
32                          1000     3.1919             0          0                                      1000     3.1919             0           0                                      1000      3.1919             0           0            
33                           900     2.8727             0          0                                       900     2.8727             0           0                                       900      2.8727             0           0            
34                           850     2.7131             0          0                                       850     2.7131             0           0                                       850      2.7131             0           0            
35                           800     2.5535             6         15                                       800     2.5535             4          10                                       800      2.5535             2           5            
36                           750     2.3939             0          0                                       750     2.3939             0           0                                       750      2.3939             0           0            
37                           700     2.2343           156        347                                       700     2.2343             4           8                                       700      2.2343           152         339            
38            300A 이상        650     2.0747             0          0                        300A 이상        650     2.0747             0           0                       300A 이상         650      2.0747             0           0            
39                           600     1.9151             4          7                                       600     1.9151             4           7                                       600      1.9151             0           0            
40                           550     1.7555             0          0                                       550     1.7555             0           0                                       550      1.7555             0           0            
41                           500     1.5959             6          9                                       500     1.5959             4           6                                       500      1.5959             2           3            
42                           450     1.4363             0          0                                       450     1.4363             0           0                                       450      1.4363             0           0            
43                           400     1.2767           172        218                                       400     1.2767            36          45                                       400      1.2767           136         173            
44                           350     1.1172            12         12                                       350     1.1172             8           8                                       350      1.1172             4           4            
45                           300     1.0006            97         97                                       300     1.0006            37          37                                       300      1.0006            60          60            
46               250A        250     0.8401             5          4                           250A        250     0.8401             5           4                          250A         250      0.8401             0           0            
47               200A        200     0.6795            11          6                           200A        200     0.6795             7           4                          200A         200      0.6795             4           2            
48         150A, 125A        150      0.519             0          0                     150A, 125A        150      0.519             0           0                    150A, 125A         150       0.519             0           0            
49                           125     0.4392             0          0                                       125     0.4392             0           0                                       125      0.4392             0           0            
50            100A 이하        100     0.3591             0          0                        100A 이하        100     0.3591             0           0                       100A 이하         100      0.3591             0           0            
51                            80     0.2799             0          0                                        80     0.2799             0           0                                        80      0.2799             0           0            
52                            65     0.2397             0          0                                        65     0.2397             0           0                                        65      0.2397             0           0            
53                            50     0.1901             0          0                                        50     0.1901             0           0                                        50      0.1901             0           0            
54                            40     0.1527             0          0                                        40     0.1527             0           0                                        40      0.1527             0           0            
55                            32     0.1341             0          0                                        32     0.1341             0           0                                        32      0.1341             0           0            
56                            25     0.1068             0          0                                        25     0.1068             0           0                                        25      0.1068             0           0            
57            300A 이상                  소  계           453        705                        300A 이상                  소  계            97         121                       300A 이상                    소  계                       584            
58                                   교정(7%)                       48                                               교정(7%)                         8                                                교정(7%)                        40            
59                                     합  계                      753                                                 합  계                       129        내역적용                                      합  계                       624        내역적용
60               250A                  소  계             5          4                           250A                  소  계                         4                          250A                    소  계                         0            
61                                   교정(7%)                        0                                               교정(7%)                         0                                                교정(7%)                         0            
62                                     합  계                        4                                                 합  계                         4        내역적용                                      합  계                         0        내역적용
63               200A                  소  계            11          6                           200A                  소  계                         4                          200A                    소  계                         2            
64                                   교정(7%)                        0                                               교정(7%)                         0                                                교정(7%)                         0            
65                                     합  계                        6                                                 합  계                         4        내역적용                                      합  계                         2        내역적용
66          150A,125A                  소  계             0          0                      150A,125A                  소  계                         0                     150A,125A                    소  계                         0            
67                                   교정(7%)                        0                                               교정(7%)                         0                                                교정(7%)                         0            
68                                     합  계                        0                                                 합  계                         0        내역적용                                      합  계                         0        내역적용
69            100A 이하                  소  계             0          0                        100A 이하                  소  계                         0                       100A 이하                    소  계                         0            
70                                   교정(7%)                        0                                               교정(7%)                         0                                                교정(7%)                         0            
71                                     합  계                        0                                                 합  계                         0        내역적용                                      합  계                         0        내역적용
72                                                               715  공량적용(할증 제외)                                                                                                                                                              
73      MT / PT 수량집계표                                                                                                                                                                                                                          
74                                                                                                                                                                                                                                             
75                총 괄                                                                           주 간                                                                           야 간                                                              
76               산출기준                                  MT                                      산출기준                                  MT                                      산출기준                                    MT                        
77               촬영규격         관경       적용길이        핫태핑 수량       검사길이         비  고              필림규격         관경       적용길이        JOINT수        검사길이        비  고              필림규격          관경        적용길이        JOINT수        검사길이        비  고
78                          (mm)        (m)           (공)        (m)                                      (mm)        (m)          (개소)         (m)                                      (mm)         (m)          (개소)         (m)            
79                           850     12.057             0          0                                       850     12.057             0           0                                       850      12.057             0           0            
80                           800     11.379             0          0                                       800     11.379             0           0                                       800      11.379             0           0            
81                           750     10.899             0          0                                       750     10.899             0           0                                       750      10.899             0           0            
82                           700     10.014             0          0                                       700     10.014             0           0                                       700      10.014             0           0            
83                           650      9.482             0          0                                       650      9.482             0           0                                       650       9.482             0           0            
84                           600      8.796             0          0                                       600      8.796             0           0                                       600       8.796             0           0            
85                           550      8.161             0          0                                       550      8.161             0           0                                       550       8.161             0           0            
86                           500      7.483             4         29                                       500      7.483             4          29                                       500       7.483             0           0            
87   H-T\nFitting류 용접        450      6.857             0          0               H-T\nFitting류 용접        450      6.857             0           0              H-T\nFitting류 용접         450       6.857             0           0            
88                           400       6.22             4         24                                       400       6.22             4          24                                       400        6.22             0           0            
89                           350      5.538             0          0                                       350      5.538             0           0                                       350       5.538             0           0            
90                           300      5.001             0          0                                       300      5.001             0           0                                       300       5.001             0           0            
91                           250        4.4             0          0                                       250        4.4             0           0                                       250         4.4             0           0            
92                           200      3.745             0          0                                       200      3.745             0           0                                       200       3.745             0           0            
93                           150      3.067             0          0                                       150      3.067             0           0                                       150       3.067             0           0            
94                           125      2.632             0          0                                       125      2.632             0           0                                       125       2.632             0           0            
95                           100       2.31             0          0                                       100       2.31             0           0                                       100        2.31             0           0            
96                            80      2.031             0          0                                        80      2.031             0           0                                        80       2.031             0           0            
97                                     합  계                       54                                                 합  계                        53                                                  합  계                         1            
98                 MT                                             26                             MT                                              26        내역적용                MT                                                 0        내역적용
99                 PT                                             26                             PT                                              26        내역적용                PT                                                 0        내역적용
100                                                    MT         26         공량적용                                                                                                                                                              
101                                                    PT         26         공량적용                                                                                                                                                              

